1013393046006915072
1015170850297806848
1017081477832441856
1017467397345808385
1018971072195162112
1020184775917690881
1021507792383881217
1022821470022582273
1023113887615311872
1023161467703455744
1023656462067757056
1023803374146412544
1024305264562860032
1024549792029061121
1025290291882991616
1025330193349652480
1026399970092564480
1026746768401285120
102929918320586753
1031066424322785280
1031067121592283136
1031933847011618817
1033762638629466112
1034311615032610818
1035437212320641024
1036258133688037376
1036508340157919234
1036596099685920768
1036817047991214080
1037947288436371456
1040494354937405440
1041436139121369093
1043062458494185472
1043534112466685952
1045023630227361794
1045197389517258752
1045251199023403008
1047448427699822592
1048047249366900736
1048458741497176064
1048604556576346112
1048814669375275008
1049169266090463234
1051457784976420864
1051729133573558272
1052131704637444096
1052183718134276097
1052431260033773568
1056839809065336832
1056924610657247232
1062726362363035648
1062727741248815105
1063499442165231616
1064397859687211009
1065092392980807681
1065150305971646464
1065152584388886528
1065182023923482624
1065188216180011009
1065208516145803264
1065222643975114752
1065246275870867456
1065249392532357120
1065266184310935552
1065274820630216705
1065291421056450560
1065294807671566336
1065305213534375939
1065492070884827137
1065521263165227008
1065541404087201793
1065614883801186304
1065670342109208576
1065692704414277632
1065791271241867265
1065843392733687808
1066285297795616769
1066580718963306502
1067374275336777728
1067659379988721664
1067712451817304064
1069455533504192513
1069651251149897728
1069904021476048896
1086792982509117440
1093164936119889921
1095918873000509440
110057252496482304
1101270991525732353
1101386209731915776
1101690340887719938
1101811947547197441
1102914888060624896
1102924291673333760
1103004986475188226
1103214634511814656
1103490201274470400
1103645282502410241
1103974642811691008
1104941272123535360
1105189221168484352
1105405673297174528
1105622020128231425
1105859310972604417
1105989456035831808
1106270054574899200
1106312674013532165
1106564012936957952
1106609985289678848
1106685819203530753
1107317760135041024
1107592616626012160
1107592995140980736
1107593214213738496
1107619660701159424
1107633733237133312
1107676277136338944
1107897400218271744
1107999640878616578
1108058509684457472
1108321786796494848
1108374897175248896
1108440382608691201
1108495960576086017
1108715228676673538
1109062601449893889
1109184195518070784
1109779443185315841
1109799276341874693
1109837655280226306
1110159976394178561
1110210026482921472
1110451067291123712
1110495862592073728
1110609806740676608
1110696706159665152
1110737295978758145
1110746710442160128
1111143405613125632
1111232706686398464
1111334959711690753
1111342530921005057
1111624952350982152
1111697182090919936
1111957493972905984
1112256444613738496
1112256478914711554
1112288565491191808
1112296931978629123
1112346510606454787
1112356839826444288
1112375245782970368
1112392384447479808
1112616856953737216
1112717338191769601
1112739929459572736
1112846671409446912
1112981018192109573
1113149667162906629
1113154825926135808
1113156886881341440
1113388384045666304
1113394027754336261
1113665671236218880
1113788309963038720
1113913468359340032
1114209834944094209
1114961537624461312
1115259086067597318
1115283254657949696
1115517239539552256
1115596502146195456
1115683807372488709
1115716386926600192
1115862945353949184
1116020459332620293
1116199397015072768
1116347880976125953
1117328812398862336
1117347352811954181
1117589315435937792
1117645171385090048
1117757640539549696
1117758503517663239
1118158159514882048
1118338727082807296
1118800468581371904
1119428562719784961
1119966358224220160
1120469954187415554
1120780640927002624
1120964187730190336
1121241098377158656
1121277172004589569
1121298811119386624
1121340331323207682
1121386002851844096
1121398567497805832
1121432192436117505
1121432205367160832
1121432455771230210
1121433186112872450
1121484079969366016
1121572097225043968
1121713011163447296
1121759594563301377
1122465096339312642
1122465151980953602
1123031130783903744
1123601853906866176
1123809999623528449
1123911751869841409
1124257145501827072
1124257250996920320
1124382484727250944
1124587700428976129
1124645106299154432
1124727101607895041
1125072045149233155
1125460651923476480
1125633734643015681
1125718146567090176
1125723169338331136
1125723189756211200
1125784206565621760
1125824512086421505
1125883201958940672
1126169969761366017
1126419090426429440
1126425996461133824
1126469297700777985
1127584315846512641
1128143947640070145
1128198259795742720
1128237421349490688
1128238759407910912
1128599325272002562
1128599440682508289
1128599535666679808
1128599878299312128
1128727940869414913
1128846488346300416
1128869286141816833
1128902829639438336
1128905123088949248
1128931325195350016
1128931980941377536
1128961474192297985
1128964998007365633
1128966670800678912
1128988457420767232
1129004825205624832
1129276615408545797
1129278604326555648
1129954902682132481
1130422609076785152
1130441454525059072
1130447963866718208
1130526310160375808
1130834359991144449
1130931792284913664
1131087527459282946
1131512565782196224
1131695356364894208
1131839598856933377
1131933473810239488
1131995946282377222
1132250744063553537
1132262751500480512
1132286704499380225
1132706485140676608
1132951985412423680
1132990333531414530
1132996384775450624
1133041484863877123
1133239763505303552
1133243724224274432
1133274455218823168
1133311438850809856
1133601451060543488
1134077967552909312
1134105918545780737
1134318099975380998
1134328399986593792
1134531269465923584
1134701991643553792
1134779879726206976
1134799280626130946
1134856094730182658
1135161693452079104
1135405446401912834
1135471294806482944
1135522962235416576
1135523021634932737
1135627708887683072
1135792602832297984
1135938539378450432
1136557741214822401
1136693026011734017
1136805594587906048
1136861585085829120
1137049187642683392
1137259406629003264
1137752425329287168
1137758167830540288
1137771814224945152
1138011269380788225
1138028927241166848
1138140154680553472
1138302875572899841
1138311855384875009
1138417224861904896
1138423398562877441
1138434160752812033
1138459104337453056
1138700582972268545
1138711012406845442
1138818822830379009
1138832077183262721
1138866470862110726
1138868007340511237
1139058302216806400
1139149386099908608
1139165555930390528
1139237931040854016
1139456013030088706
1139479889046847488
1139489304697135104
1139498905396105216
1139628085001613312
1139729303124361217
1139902379686604800
1139946296163414018
1139953999929663489
1140343566834851840
1140452797269385216
1140581824030302208
1140596271134269440
1140634930885595137
1140636508325654528
1140688061489131521
1140846810237296641
1141011860738592768
1141036632537227270
1141037850546364422
1141216875407400961
1141252542887686144
1141259729253130240
1141396827159375873
1141612557695967233
1141616137416802304
1141641221594595328
1141717372996390912
1142159017113821184
1142277526535856128
1142289897140523008
1142550246460968961
1142754637319213057
1143042495703470080
1143170066487435264
1143379434319183872
1143390895313567745
1143436608785358849
1143455105712185345
1143457834677547008
1143486963057659904
1143509405293522945
1143742561137258496
1143763493734121472
1143774357287837696
1144036692459970562
1144054206564851712
1144194999531130885
1144236283977510912
1144463907748081664
1144466083107074048
1144657737969807360
1144706052870606848
1144720601149349889
1144830296862257152
1144840466346782722
1144844352432160768
1145303148308893696
1145676892344913926
1145750771834773505
1145888955063291908
1145995609658159104
1146023406342590464
1146038307496681472
1146283176702205959
1146426577095467008
1146599509797068800
1146793262474256390
1147149388864729088
1147393291219947521
1147724420896763904
1147828459135258624
1147944085824704512
1147952235147644928
1148133500656050176
1148178276457705473
1148203332365774850
1148218099172368385
1148462338841858049
1148514374753181697
1148553256668454912
1148559737597976576
1148577789576187904
1148844371069956096
1148845477061775361
1148894840643567617
1148913347477278721
1148913576918130689
1148919047951720449
1148932521834532865
1148962585632563200
1148972664704372737
1148975167340720129
1148992811036897281
1149000334053957632
1149007887605424129
1149032721194213376
1149043117812789249
1149063249196912641
1149234527077715969
1149249886451167232
1149335042130370561
1149354217737506816
1149627079488442368
1149649972796592128
1149651455260819458
1149701393646784512
1149732350005325824
1150105781150212096
1150401187910307840
1150457095600271361
1150713844223893504
1150747752051068928
1150766280015798273
1150844542318456839
1150861379500498944
1151028600449093633
1151051417647484928
1151060299509714945
1151061468219138048
1151093001915121664
1151200539591319552
1151375539887923200
1151439013997420545
1151446398098800640
1151449703705219075
1151470143391838208
1151487358241406976
1151502189614886912
1151507349565247490
1151616317859991552
1151699335194775552
1151702419304140800
1151715511891140608
1151719524145618944
1151835655053312000
1151854473184198658
1151870570621022208
1152008917003620354
1152039872363782146
1152084197567107073
1152134547271634944
1152135240804003840
1152136246455623680
1152156272814448640
1152185697664585728
1152230660972503041
1152253468976959491
1152396219735392256
1152440184853716993
1152470186248691712
1152541962207055873
1152554164905340928
1152555540687523841
1152569067091312641
1152646047048450049
1152789014358872064
1152791134264893440
1152894485715726337
1152914873178820609
1152914883396165632
1152952670132625409
1153008535468310533
1153016824105070592
1153018624031875072
1153022864078991360
1153105765931991040
1153108206652014592
1153118784703488000
1153158659989475329
1153236603269087232
1153258466066227201
1153314888804159491
1153569769272070149
1153594373155766272
1153639497000615938
1153663544946073601
1153671071511564294
1153694868738326529
1153698429987631104
1153750847035232256
1153750921089732608
1153870489732841474
1153875318106497025
1153893091826262016
1153908574453665795
1153941648335921152
1153963156739219456
1153998365027385344
1154014621126266880
1154025200545144832
1154033928338104320
1154121341546745857
1154206391466377216
1154249504805142529
1154255440437547008
1154285280167436288
1154287138084552704
1154291441188970496
1154296768286171142
1154316485403148288
1154346858543800320
1154359021891010561
1154366094435639296
1154374541436739584
1154386653860909056
1154395629638037504
1154408043523612672
1154424692431818752
1154446244128813057
1154447722293760000
1154467708911726592
1154491021776085001
1154526778758586368
1154567217419341824
1154594572896526336
1154628148228763650
1154631060992483328
1154675966360182785
1154680277811257344
1154681702171594752
1154684152416915456
1154691481073885184
1154714736220446720
1154724930023350272
1154726041409085440
1154733485283614721
1154736376950272002
1154741721403744258
1154743882208481281
1154807248025092096
1154855152714694657
1154962553254088704
1154962555749711872
1154973751643181056
1154974295778562048
1154975683082358785
1154978678633144320
1154993732543926273
1155012074147373057
1155017557251780610
1155017707818909697
1155017824319885312
1155017934080602112
1155018099038441472
1155034548024926208
1155049045645070336
1155049762506149888
1155057993643417600
1155079447730483200
1155086889315110912
1155087403662446594
1155094888649674754
1155095765712285696
1155097049223708673
1155099573876088837
1155106934850281472
1155113079857803264
1155115694586904577
1155141775272505344
1155146906101800963
1155153728376324102
1155168723163963394
1155171691837837312
1155176517992947712
1155178240627154949
1155178547905880064
1155179731320360961
1155182433211469826
1155186008549281792
1155187206970998784
1155304144288264192
1155319360476418048
1155356549184835589
1155358570000470016
1155373199305166848
1155373686460997632
1155374335214755840
1155387002923016198
1155391670818504704
1155405798182309888
1155412902289072128
1155429109943558144
1155441684685250560
1155444500707385344
1155448475879923712
1155458719175458816
1155467670126333954
1155489967231111168
1155490009237073920
1155497484115939330
1155524067950096384
1155537628890091520
1155538919380926465
1155573595868766210
1155661361789063168
1155670829847285760
1155706557784608775
1155725182322954241
1155728145191845888
1155733299328966656
1155735898627203073
1155743222477385728
1155772514125189121
1155772826063986688
1155787524243099649
1155796295119884290
1155804243581779968
1155817796728696832
1155818244483141633
1155830339295686656
1155833520666730497
1155835330081067008
1155849407582965760
1155850050729390081
1155850091917430784
1155850474500833281
1155859478404726785
1155863255895560192
1155871151463239680
1155885065064370176
1155885214050279430
1155890780948639748
1155891589056565249
1155914416862507008
1155917505312858112
1155921988470181889
1156035734337310721
1156036723547103234
1156048972265295873
1156058890603122689
1156067298861445120
1156077759661256704
1156088181470703616
1156095043293208576
1156097339687223297
1156115731286769664
1156117726487822336
1156118530405916673
1156124007168712704
1156126428254965760
1156130565466148864
1156137116734091265
1156149804348641280
1156158635497574403
1156165758742929408
1156172405775073280
1156191477988503553
1156191482430283778
1156201251303903232
1156209588716417034
1156213276180537344
1156213993612152833
1156216211891347456
1156217949620977664
1156219664881672192
1156223329822363653
1156231475856936960
1156232828478087168
1156232990424489991
1156235513117855744
1156237482628751360
1156243309880156161
1156243865331884032
1156248809162399745
1156258683627565056
1156261312495624192
1156263600131981313
1156277025910349825
1156280485795864576
1156283400187080704
1156285059650899968
1156380209156939778
1156397885178679297
1156412669768826880
1156415582691975168
1156426852702904320
1156426956885262337
1156429179837173760
1156429392517709824
1156434647066169344
1156439701009698816
1156448748442025984
1156450879362355200
1156451705006854145
1156455863567077376
1156461554826506241
1156462819522617344
1156471494144188417
1156474005383254016
1156477454229241856
1156477732227698689
1156477901992148993
1156480030450573312
1156481562008936450
1156496534546108417
1156496578976374784
1156497806770630658
1156498114884202496
1156501267838992387
1156501759663063040
1156504393669324800
1156511173736452096
1156511654257090560
1156512347210600454
1156526421440782336
1156532813358698496
1156547769156292609
1156548925962248194
1156551537012822024
1156551761915719680
1156554404654305280
1156563183374487552
1156566485902512128
1156572608638464002
1156574800556568579
1156601673063624704
1156610725973901312
1156617007648968705
1156626772890226689
1156627848859271168
1156629374034219010
1156633949692727296
1156642696590610432
1156649235250651138
1156683696289792000
1156687254477258752
1156772575847911424
1156780412783529985
1156789577534857216
1156791637688721409
1156808299129348099
1156819564136546304
1156820854358958080
1156828606238253056
1156836981696950272
1156850748858105856
1156852659833507840
1156855164570988544
1156860313909813248
1156863663132667904
1156867656663703552
1156878771594518529
1156883779723526144
1156887617851592704
1156891307807256576
1156899516383031296
1156900886783897600
1156902881745940480
1156905791997321216
1156912966651957248
1156913091751403520
1156920941189820417
1156929105155301376
1156931168274505730
1156947658231230467
1156949708415352832
1156954572566351872
1156958039649337344
1156964668331712517
1156968206029869056
1156971099306917889
1156972152811163648
1156977664537899009
1156980990604013571
1156983646928154625
1156993327171903488
1156999268021833728
1157042175693266944
1157073756684263425
1157075775281082368
1157076975422492672
1157090350353330178
1157093748318310400
1157093759714234375
1157100245135704064
1157127113956188160
1157134324870705152
1157167840559915008
1157175181808295936
1157180093627691008
1157185932497477632
1157196396568539136
1157212428939120640
1157218660378804224
1157219513991081984
1157220797775151104
1157221879679205377
1157221943432507393
1157222091869106176
1157223688552554497
1157225826150047745
1157227239957680128
1157228558504214528
1157234259112923136
1157302841267982336
1157320517000388608
1157341771837263872
1157363312948109319
1157375564451176448
1157384171385282560
1157384375635288064
1157405498540470272
1157422060382986241
1157464967492374529
1157466664616640512
1157486872844820481
1157487154735566848
1157527346217271296
1157530235983691782
1157530770887467008
1157530946322616320
1157537734703099904
1157538483780509696
1157540827670822913
1157541134102495233
1157544982896676864
1157546986037338112
1157550145078083585
1157554651459227648
1157557926728544257
1157558289091190784
1157558763924197376
1157560208266334209
1157561200617709568
1157561482185457664
1157561791804825600
1157562170613391360
1157562467704352770
1157562792045662208
1157568020811665409
1157575535779897344
1157577966299168768
1157585905835753472
1157590252464173056
1157593072064032768
1157597806636326913
1157604936634339328
1157609927105400832
1157620251565031424
1157629553361203200
1157638733492916225
1157640432014094336
1157641021393645568
1157646517605244929
1157657371637760001
1157659039674667008
1157665179166883841
1157665402328997889
1157665766063263746
1157667340974034944
1157668887548162048
1157672766096601090
1157672837462646784
1157673500712165377
1157673649962278921
1157674987362406403
1157699302657073152
1157700489745588224
1157701771579412480
1157712283876974592
1157718781332021249
1157719984593874952
1157721236081917953
1157722085046849536
1157723142241976321
1157741776037240832
1157744448517709824
1157744586191585280
1157756524627988481
1157782056501489664
1157851053947269123
1157856992561528837
1157875171421593600
1157875881420836869
1157878053822980096
1157878421915164672
1157879193386070016
1157879482327474177
1157880140149526528
1157880520770031617
1157880836324302850
1157887371284639744
1157890690262528000
1157905071612538880
1157908492272971777
1157923303777923073
1157949658544640004
1157957912482000896
1157979573117566977
1157988235345186818
1157995581983330305
1157999982810730496
1158006664458452992
1158011256185348098
1158013555205185536
1158016877555138560
1158016944525565952
1158019522659377152
1158028295725699078
1158028450696970241
1158028518707478528
1158029694916268032
1158039801099980800
1158056093106544640
1158060046661455872
1158068423793922048
1158069584210956288
1158072317509087235
1158090226348118017
1158091720195620864
1158092631060041728
1158098067217891335
1158106230725828608
1158135034663981058
1158146253059813377
1158157757763268610
1158211258950119424
1158224711005831168
1158249128117166080
1158252232858636288
1158252684337696770
1158259286541135872
1158266682864877568
1158267529174761473
1158270942059126784
1158275080205418496
1158284380068093952
1158302382918213632
1158302424752222209
1158302903800455168
1158304158874832902
1158324671479107584
1158330056592244741
1158355866338254848
1158366319831474181
1158372566420951041
1158378972008218624
1158380438856953863
1158399609879834624
1158408652367237121
1158420381633404928
1158424759274803201
1158446941438652417
1158450964740919297
1158482813521453063
1158500460417957891
1158527345709309953
1158547581615710210
1158561949300355073
1158573408898224133
1158598981615677440
1158599322826620928
1158599469350432768
1158605440814440448
1158618482298109952
1158622628250152960
1158624828116500480
1158626210403901442
1158636584884940802
1158640497423814656
1158655942734548993
1158662879102607360
1158664316041613312
1158669982420463617
1158676695173541889
1158685686322667520
1158685744376008705
1158687279205896192
1158692009391116293
1158693446519054338
1158700328855986176
1158709294415486977
1158710416966639616
1158713472932179970
1158714067785175041
1158721615410204674
1158724078959759362
1158726640555442176
1158731952943271936
1158732102294224898
1158735031889801216
1158736935654793217
1158740135665532928
1158748336930865152
1158748472113319936
1158750137511903233
1158754756803928065
1158759474443837440
1158760347022417921
1158761658212241408
1158764802153603072
1158768278862487552
1158769709224828930
1158770423632465920
1158770534445809665
1158774324565860352
1158776649661370368
1158777730852245505
1158803009284894720
1158804800676515841
1158812514035130369
1158875282549485569
1158896919151665152
1158905646911295488
1158907777848238080
1158937397704314880
1158939826307182592
1158952989538836480
1158958109198446593
1158959554673049600
1158962119959830529
1158976942609055745
1158978798504873984
1158984120355061760
1158993295571218432
1158996665027780608
1158997782872694784
1158999064228323328
1159003537579356162
1159006319875149824
1159008617141608448
1159026553155551232
1159031010920562688
1159033934388310018
1159039004584472576
1159043821679681536
1159044856712507392
1159045413254684672
1159046246339768320
1159053666378063872
1159053791175426055
1159057871851515904
1159071809830051840
1159087359679352832
1159095920354570241
1159098890756509696
1159103531267305477
1159109277023449088
1159126396813434880
1159128283511971841
1159140696936177664
1159152399799463938
1159180102514515968
1159211072693383169
1159274027703250944
1159280046525374464
1159288569594355718
1159299581022261250
1159320461626359809
1159337355385409537
1159340964965539840
1159348796918325249
1159348868267462657
1159350871727042560
1159354248305315841
1159358337663848448
1159358737838034944
1159359570009055232
1159359990890729475
1159380957062979585
1159383661722030080
1159389105010200576
1159392577059282944
1159404890759651330
1159410512662167558
1159415207359160320
1159415724881960960
1159420310623596544
1159422643449106432
1159425148442705920
1159443765271994368
1159444996669542400
1159445642680262656
1159449293675270145
1159455635605458944
1159456963782205440
1159457290874834944
1159467180200583169
1159471920032681985
1159480670311374848
1159484423676579840
1159487062942343168
1159499642259873793
1159502123375239168
1159504578565607424
1159510301362065409
1159521366023868417
1159524573806641152
1159524675581407232
1159527217090703362
1159535393047556096
1159675875182309376
1159683644346097670
1159691555164360705
1159696891442917376
1159698033421930497
1159701677517070336
1159702098205790208
1159717375744172032
1159733905554993153
1159739249496748032
1159765882471690240
1159776683953516544
1159795651082952706
1159842040789622784
1159852771891404802
1159857004292087814
1159872690867625989
1159898726300696576
1160045660416159744
1160047260765286400
1160063925167067136
1160064260363317249
1160064486465687552
1160114342924357632
1160153102365806597
1160155211794718720
1160171432849993728
1160173732704354304
1160189195366932484
1160200879431200768
1160227034586652672
1160238172204404736
1160271727475118080
1160391638104956928
1160420498901127168
1160441520530632705
1160458113369157637
1160474399524265984
1160495614997749760
1160530687197245441
1160534467464892419
1160556333273403392
1160563992223371264
1160565193312628737
1160567874404175872
1160579875402604544
1160602955239702528
1160628613919600641
1160652118069579776
1160786182407507968
1160791798559547392
1160793505284808707
1160804640809771008
1160849123068616705
1160885147610296321
1160928240388567040
1160976765499711491
1161030506877771778
1161068440758521856
1161108925024022528
1161115683771445248
1161133653994496001
1161141628880506880
1161142666937212930
1161147947825926144
1161183248321372161
1161198176033837057
1161202256366063616
1161208059554930688
1161210370222018561
1161226533236817920
1161247056230604800
1161247110542479360
1161252695216275457
1161260112352370690
1161267433421922304
1161270402515181570
1161271183796592642
1161274530129731586
1161278473392054272
1161294440172068865
1161295136963399681
1161297954344505345
1161300446616551424
1161303650796482560
1161305668999163905
1161306269292122112
1161307249332981761
1161320904141393921
1161325290431426562
1161334955785330689
1161359105455341568
1161392676929003520
1161401879940751363
1161402174280282114
1161442311970217984
1161510751485472768
1161527958256963585
1161567326124335104
1161626124339879937
1161641758847131648
1161691457150967808
1161694947361382403
1161697670181769216
1161699059863678976
1161866326899679233
1161920838708293633
1161927092973559808
1161956736518905856
1162048374486388736
1162170770451099653
1162172161135538176
1162180610204397568
1162183582376271872
1162226400394276866
1162239783977926658
1162255424684380160
1162302263005609985
1162305156320415744
1162314500382609409
1162345776606879745
1162348338424889344
1162351949326323713
1162364900561362944
1162394370621894657
1162398840135331842
1162613855664476160
1162619674636345344
1162658707030695936
1162671463226175488
1162683686501748741
1162699860539314182
1162746998597902336
1162757547851309059
1162780465163579392
1162882528786702338
1162924401475538947
1162936509240156160
1162990580395204608
1163019256906174469
1163024566962098176
1163043002086035457
1163046252604297216
1163052064383148032
1163054949997015047
1163058039206760450
1163080589462736896
1163115594549362689
1163116084431474688
1163116828672983041
1163142982268116992
1163148778070609920
1163173216677957634
1163174338671104000
1163245636625453064
1163304515619164162
1163325976886951937
1163344142879076357
1163354190095233026
1163355019325800448
1163355511548329984
1163355795917983746
1163361137339052034
1163362954533675008
1163366218327367680
1163370602243084288
1163371344421146624
1163373361348505600
1163384248729866240
1163390316109582336
1163409924367323136
1163426104402558977
1163432997821001728
1163439494537740290
1163468334857240576
1163468547651039232
1163476716968239104
1163478368408354822
1163485976787685376
1163499469494636545
1163514169288585218
1163527349553500161
1163528563494137858
1163572787111440385
1163640565013123073
1163651950920888321
1163665739670102018
1163676102583132160
1163684758104268800
1163698339512279041
1163700995181776896
1163703053805113344
1163703381740802053
1163711113982164992
1163713024420540416
1163722569272348672
1163735347890495488
1163757686330028032
1163760987943518208
1163768456547672065
1163770226955051008
1163776957005234176
1163805036800905216
1163805713719672834
1163820889093234691
1163825831510065152
1163854215887953921
1163862027363921921
1163869503714783232
1163905516138946560
1163962018392694784
1164008108756103168
1164047776960745474
1164053501174898688
1164057138878042113
1164065510754942976
1164113814494695425
1164130811248906241
1164132463230226440
1164145542643011584
1164157560988942337
1164160969062457344
1164172097209294853
1164184665428643840
1164198143111491584
1164198579109429248
1164229755417354241
1164254361192501248
1164352123603046400
1164358045033365505
1164377595250528256
1164387859949748224
1164392467073867776
1164392537471143936
1164404913956446208
1164437033978195970
1164439921672609794
1164448351510597632
1164503133554274305
1164545397060186114
1164545603797471232
1164748619800444930
1164759565478420481
1164776014183931904
1164807912213979136
1164829268242644993
1164845920313196545
1164855999108276225
1164877501287587842
1164879301990375424
1164915013842112512
1164919178354024448
1164958093416886272
1164975315275304960
1164995750901760000
1165030958036373504
1165072355032489984
1165133271790800897
1165171289830506498
1165191901940551680
1165217501275246592
1165252687006322689
1165258459102765056
1165270304530161665
1165285276945530881
1165315653328199682
1165336807975702528
1165340500444008450
1165493595681492992
1165509277991104513
1165521838375485445
1165529855871594496
1165532132678094848
1165634395224461312
1165650567127080960
1165822357048582147
1165848128072777728
1165876226067582976
1165877631557894150
1165881659599835136
1165901134055260161
1165920686130585602
1165923982387793920
1165926316215947265
1165948241961279489
1165952212507361281
1166012736742055936
1166040981893865473
1166050205248237568
1166077816598933512
1166128211312463875
1166146332412633088
1166191267191111681
1166227273470504961
1166242947139960833
1166243099183468544
1166246872593440768
1166255994847907842
1166292636702896129
1166299273090125824
1166300574800842752
1166348579411304448
1166351566670094337
1166353495622135809
1166388797833007104
1166392713975148544
1166399978576785408
1166400231640055809
1166408923605131264
1166456825081806848
1166564893081985024
1166568587303247873
1166575576368459777
1166587216736530432
1166588031748493312
1166598594188709888
1166601093117333504
1166605437279580160
1166612982056607746
1166670652599754752
1166741559913734145
1166751068816105472
1166758484261523456
1166760249405128705
1166849603347439616
1166923215450464257
1166984853499170818
1167057748581707776
1167063164418252800
1167066925010247680
1167070924211965959
1167079252791058433
1167082043412537350
1167093536275095552
1167103562909999105
1167104599678799872
1167107160922316802
1167117931827748864
1167129480923668480
1167143220976840704
1167257360915558400
1167288855210254336
1167301169238032386
1167335517483986944
1167413337623105537
1167434512667594754
1167453857082949632
1167696501382012934
1167705705685536769
1167718325637378049
1167721259561406464
1167746956610826240
1167809216700010496
1167834808938041347
1167875005390000130
1167979062414864386
1168052482343239680
1168062756341239808
1168079803532099584
1168095227090853888
1168133236070830081
1168217140618350592
1168235946875260928
1168249330450554880
1168373085134872577
1168380974897487872
1168389004389015552
1168397104542187523
1168453528576299013
1168480662766198784
1168484240977039360
1168512666815610882
1168516329181106177
1168552719558172672
1168561861111033856
1168753666465026048
1168767268194406400
1168794706119016449
1168795208961511427
1168843273995046912
1168852986673561601
1168859404151730176
1168882353533542400
1168925400820604931
1169022297262440449
1169096801615581185
1169098576598724608
1169133898095366144
1169150718596526082
1169155231881605123
1169186424534384640
1169210372433350656
1169218070759395328
1169264150859485184
1169268706356224001
1169268963727028224
1169282643428564993
1169363832415764480
1169450986076700677
1169472783518187521
1169479845488644096
1169499279322304512
1169502816303484928
1169522739184422912
1169528307726966789
1169560638001168387
1169563675557941248
1169565886371586053
1169579117144170496
1169589762975571973
1169590119734665222
1169592714553221121
1169605228376707072
1169629774815170561
1169663657464098816
1169665684541886464
1169700060604588033
1169777751470985216
1169823759395479553
1169831801159737344
1169875147949395968
1169882617845444610
1169938796831375368
1169944034011271168
1169969012060631040
1169997449450012672
1170233729773522944
1170258650578989058
1170265354859438080
1170282682481176581
1170290345478971392
1170319139291795457
1170364600954474496
1170412939200749568
1170423262410694656
1170447417365401600
1170586344394915840
1170617978661957632
1170626135731793920
1170689222866423808
1170700131093450753
1170701982723493888
1170709693032873984
1170712435193311233
1170770273395777536
1170892092090068992
1170916793063497728
1170944754575695872
1170991340659892224
1171000996408909824
1171016664793649154
1171201494017695744
1171258406524588032
1171270189381488641
1171296736767295488
1171307281713180673
1171333277971468288
1171336724900798465
1171365575735406592
1171367495837446145
1171382218108919813
1171384060498739202
1171387997175988224
1171395472671432704
1171398504012382208
1171404934585016320
1171413697660690432
1171426055413854213
1171432334861553664
1171433478954483719
1171453741653823490
1171643839096020993
1171668940403040256
1171694271021207552
1171700766823895040
1171712694476398593
1171714090122825729
1171714367324336128
1171719806279725062
1171730487934537728
1171751491708866560
1171753723468701701
1171797802692726785
1171814372441821187
1171939183054581760
1171976035220344832
1171985690755653632
1171992917319114753
1172014851842965504
1172023845206626304
1172024578320715776
1172034337044193282
1172038044397912065
1172038946072612865
1172054323817107456
1172064932768206848
1172089198808952832
1172095256323477504
1172133336522711040
1172145791772708864
1172149336182054912
1172184391738515458
1172200701180747776
1172214601217429506
1172248459434328064
137597059736940544
139426347993935872
183442072047583234
194786278334676993
19666973140
22481044997410816
22498507948564480
22562075523940352
22634942890516480
234955645965725696
268289421768523776
271294269006958592
291987055746117632
292023550091595776
292046182048485379
292046191343046656
342518373688680448
374627854811926528
374751544035377152
374757406820937728
374885821415182336
390395532654686208
395178950646714370
395190678239846400
395440951151591424
449272930883473408
453100652097314816
453160508418686976
453179701972856832
453291380425908224
453291573133180928
453410048538980352
453468889158930432
467645754694041600
504297252257824769
506292659707596800
506308250875076609
506322694028017665
506337146240651264
506351692955136000
506366553294508035
506381291378315264
506399397668605954
506414359472398336
506429977454059520
506446641180585985
506464004798046208
506480914524680192
506498574981398528
506514643943059457
506529368844169218
506543885531619328
506751111026311168
509714981944709121
518663965199458304
518757602356760576
518773805938798593
518789909721538560
518805723728187392
518821425973440512
518837027727364096
518885379961659392
518901156081176577
522039601570254849
600592817367478273
607204775436939265
607224295664685056
607232366000652288
607260554344988673
607286671508434946
607314656101859328
607340894392610816
607368156118695937
607394259684196352
607418689756008448
607442337866747904
607468072987983872
607493953777238016
607520458867671040
607538264094834689
607548290352168960
607575952386859008
607602955831885824
607629509068746752
607658617320390657
607682476010520576
607706141016080384
607732054642593793
607747971841716224
607758247727132672
622315321194622976
625657854217863168
638243860120899584
645803836888625157
645847458707193857
646284061791649793
650274211701747712
650279317998579712
650382024918892544
650382063829417984
651052184889634816
652391931410956288
652468760050298880
652468797371191296
652551029356032000
652930795217231872
652931650993717248
653354249334599680
653464878007496705
674306378341707777
705427665315098624
706592024581971968
728555296327647232
729325404482318336
733187217103949825
750095088282247168
752398019761438721
756126841912619008
756139126630604800
757981204754735104
758336679937650688
763113451334041600
763132706502774784
763149583744573441
763161733816987648
763276238848794626
763530825958764544
772770888638877696
805563826015850497
806135356118749185
812124437843689472
812125132076515328
818570295892013057
819090974647418880
823863285393002496
845015128470781952
845017297781710848
855567262626885632
856806259995156484
856825191393091584
856841989878427649
856854558290706433
864926097590423552
864994184951934976
865181877480574976
877642738199445504
884659692474998785
885214017953742848
886283915651989504
888382929797238785
890323386416721921
891366204547276800
898538202063032320
899233098021224448
899689390988984321
905411578694180864
905423516354433024
905438031490023425
905455628855934979
906640374772498433
916719587353272320
934844360872652802
935004886298701825
954280227999506432
966265492309602304
966308933127192576
966492989353689088
966847610576351233
967361001917157381
968463493715386368
968463665954476032
968479532910030848
968479746509205506
968479882094227456
968480066303905792
968484111374405633
969123907922997249
969198318554370053
969209415743234050
969213281796853760
969625467991945216
969730607864430593
969741697864339457
970592003007262720
971678912915877888
971789175803478016
971789226923712512
971842778543132673
972087354319081472
975765482132226049
976367305600000000
